



2.18
0.26
0.65
0.48
-108.84
-113.54
2.08
0.97


-109.25
0.86




0.49
0.39
0.63
0.38
1.54

0.65

1.82
0.81
0.29
-109.62
0.19
0.96
1.32
1.09
1.55
2.82
-111.01
0.58
1.00
-109.45
-111.61
2.41
-108.71
1.73

0.84
1.37
0.48
0.77
0.78
-111.38
2.67
1.73
0.48
0.71

0.62


0.08


-108.78


1.32
0.56
-108.72

2.15
0.33
-112.63
3.17
0.98
1.24
1.76




-109.68



112.22
-109.31

0.65

2.52
-111.16
0.90
1.21
1.13
2.45
4.27
0.09
0.45
1.00

0.41
0.23
0.95
-108.69
0.61
0.64
0.44
-108.85


0.85
1.10
0.19
0.56

0.28
0.81
1.51
-111.59
0.59
1.83
1.79

1.52

0.41

-109.16
0.93
0.93


2.49


1.02
