0.8
0.2
1.0
0.9
0.9
0.1
-109.0
0.4
0.6
-113.5

0.9
-112.6
1.0
4.9
0.7
0.3
1.2


0.5
0.1
0.2
0.1
1.2
0.0
0.2
-114.3

0.3

0.2
0.1
0.2
0.2
0.9
0.2
0.2
-111.0
0.5
0.5
0.3
1.8
0.8
0.2
0.1

0.5
1.4
0.2
0.3
0.3
-111.4
0.6
0.3
0.1
0.2
-112.2
0.3
-113.1
-114.2
-110.5
-109.7
0.2
0.4
1.2
0.3
-112.4
0.5
1.6
-111.7
0.1
0.2
0.3
0.2
0.4
0.2
0.7
0.9
1.1

0.8
0.5

0.2
-113.8
0.7
0.7
-111.6
-110.8
-115.0
0.7
0.7
0.6
0.8
0.4
0.2
-109.1
0.1
0.2
-111.0
-114.2
-110.7
0.1
-110.2
-108.7
0.2
0.5
0.4
0.4
-111.9
-113.3
0.2
0.2
-110.4
0.2

0.1
0.3
0.4
-111.6
0.6
0.3
1.2
0.5
0.3

-112.5
-113.7
1.1
-111.3
1.3
-112.8
0.7
0.1

0.1
0.5
